315 518 30 12
250 518 28 12
183 518 30 12
112 518 33 12
29 518 48 12
305 446 50 13
244 446 46 13
173 446 46 13
103 446 47 13
18 446 59 13
315 362 40 18
29 362 38 18
244 361 46 19
173 361 46 19
103 361 47 19
315 291 40 17
250 291 28 17
183 291 30 17
112 291 33 17
29 291 38 17
0 211 378 18
314 148 38 13
28 139 42 13
373 2 1 1
341 2 1 1
309 2 1 1
277 2 1 1
245 2 1 1
213 2 1 1
181 2 1 1
149 2 1 1
117 2 1 1
85 2 1 1
53 2 1 1
21 2 1 1
367 1 1 1
335 1 1 1
303 1 1 1
271 1 1 1
239 1 1 1
207 1 1 1
175 1 1 1
143 1 1 1
111 1 1 1
79 1 1 1
47 1 1 1
15 1 1 1
361 0 1 1
329 0 1 1
297 0 1 1
265 0 1 1
233 0 1 1
201 0 1 1
169 0 1 1
137 0 1 1
105 0 1 1
73 0 1 1
41 0 1 1
9 0 1 1
