254 601 27 13
179 601 30 13
105 601 30 13
22 601 38 13
14 528 44 14
267 527 40 15
96 524 130 18
248 452 59 16
170 452 56 16
96 452 53 16
0 452 76 16
267 379 40 18
181 379 33 18
105 379 34 18
6 379 52 18
0 301 313 18
0 224 313 16
253 12 1 1
221 12 1 1
189 12 1 1
157 12 1 1
125 12 1 1
93 12 1 1
61 12 1 1
29 12 1 1
310 11 1 1
278 11 1 1
246 11 1 1
214 11 1 1
182 11 1 1
150 11 1 1
118 11 1 1
86 11 1 1
54 11 1 1
22 11 1 1
303 10 1 1
271 10 1 1
239 10 1 1
207 10 1 1
175 10 1 1
143 10 1 1
111 10 1 1
79 10 1 1
47 10 1 1
15 10 1 1
296 9 1 1
264 9 1 1
232 9 1 1
200 9 1 1
168 9 1 1
136 9 1 1
104 9 1 1
72 9 1 1
40 9 1 1
8 9 1 1
289 8 1 1
257 8 1 1
225 8 1 1
193 8 1 1
161 8 1 1
129 8 1 1
97 8 1 1
65 8 1 1
33 8 1 1
1 8 1 1
282 7 1 1
250 7 1 1
218 7 1 1
186 7 1 1
154 7 1 1
122 7 1 1
90 7 1 1
58 7 1 1
26 7 1 1
307 6 1 1
275 6 1 1
243 6 1 1
211 6 1 1
179 6 1 1
147 6 1 1
115 6 1 1
83 6 1 1
51 6 1 1
19 6 1 1
300 5 1 1
268 5 1 1
236 5 1 1
204 5 1 1
172 5 1 1
140 5 1 1
108 5 1 1
76 5 1 1
44 5 1 1
12 5 1 1
293 4 1 1
261 4 1 1
229 4 1 1
197 4 1 1
165 4 1 1
133 4 1 1
101 4 1 1
69 4 1 1
37 4 1 1
5 4 1 1
286 3 1 1
254 3 1 1
222 3 1 1
190 3 1 1
158 3 1 1
126 3 1 1
94 3 1 1
62 3 1 1
30 3 1 1
311 2 1 1
279 2 1 1
247 2 1 1
215 2 1 1
183 2 1 1
151 2 1 1
119 2 1 1
87 2 1 1
55 2 1 1
23 2 1 1
304 1 1 1
272 1 1 1
240 1 1 1
208 1 1 1
176 1 1 1
144 1 1 1
112 1 1 1
80 1 1 1
48 1 1 1
16 1 1 1
297 0 1 1
265 0 1 1
233 0 1 1
201 0 1 1
169 0 1 1
137 0 1 1
105 0 1 1
73 0 1 1
61 0 1 1
13 0 1 1
