274 506 27 11
195 506 38 11
128 506 28 11
39 506 38 11
0 426 325 16
0 351 325 16
274 279 33 17
190 279 57 17
128 279 31 17
33 279 55 17
0 210 325 18
59 50 1 1
51 50 1 1
43 50 1 1
35 50 1 1
27 50 1 1
16 49 1 1
281 48 1 1
249 48 1 1
217 48 1 1
185 48 1 1
153 48 1 1
121 48 1 1
89 48 1 1
57 48 1 1
24 48 2 2
318 47 1 1
286 47 1 1
254 47 1 1
222 47 1 1
190 47 1 1
158 47 1 1
126 47 1 1
94 47 1 1
62 47 1 1
30 47 1 1
323 46 1 1
291 46 1 1
259 46 1 1
227 46 1 1
195 46 1 1
163 46 1 1
131 46 1 1
99 46 1 1
67 46 1 1
35 46 1 1
3 46 1 1
296 45 1 1
264 45 1 1
232 45 1 1
200 45 1 1
168 45 1 1
136 45 1 1
104 45 1 1
72 45 1 1
40 45 1 1
8 45 1 1
301 44 1 1
269 44 1 1
237 44 1 1
205 44 1 1
173 44 1 1
141 44 1 1
109 44 1 1
77 44 1 1
45 44 1 1
13 44 1 1
306 43 1 1
274 43 1 1
242 43 1 1
210 43 1 1
178 43 1 1
146 43 1 1
114 43 1 1
82 43 1 1
50 43 1 1
18 43 1 1
311 42 1 1
279 42 1 1
247 42 1 1
215 42 1 1
183 42 1 1
151 42 1 1
119 42 1 1
87 42 1 1
55 42 1 1
23 42 1 1
316 41 1 1
284 41 1 1
252 41 1 1
220 41 1 1
188 41 1 1
156 41 1 1
124 41 1 1
92 41 1 1
60 41 1 1
28 41 1 1
321 40 1 1
289 40 1 1
257 40 1 1
225 40 1 1
193 40 1 1
161 40 1 1
129 40 1 1
97 40 1 1
65 40 1 1
33 40 1 1
1 40 1 1
294 39 1 1
262 39 1 1
230 39 1 1
198 39 1 1
166 39 1 1
134 39 1 1
102 39 1 1
70 39 1 1
38 39 1 1
6 39 1 1
299 38 1 1
267 38 1 1
235 38 1 1
203 38 1 1
171 38 1 1
139 38 1 1
107 38 1 1
75 38 1 1
43 38 1 1
11 38 1 1
304 37 1 1
272 37 1 1
240 37 1 1
208 37 1 1
176 37 1 1
144 37 1 1
112 37 1 1
80 37 1 1
48 37 1 1
16 37 1 1
309 36 1 1
277 36 1 1
245 36 1 1
213 36 1 1
181 36 1 1
149 36 1 1
117 36 1 1
85 36 1 1
53 36 1 1
21 36 1 1
314 35 1 1
282 35 1 1
250 35 1 1
218 35 1 1
186 35 1 1
154 35 1 1
122 35 1 1
90 35 1 1
58 35 1 1
26 35 1 1
14 35 1 1
6 35 1 1
42 31 1 1
307 30 1 1
275 30 1 1
243 30 1 1
211 30 1 1
179 30 1 1
147 30 1 1
115 30 1 1
83 30 1 1
50 30 2 2
19 30 1 1
312 29 1 1
280 29 1 1
248 29 1 1
216 29 1 1
184 29 1 1
152 29 1 1
120 29 1 1
88 29 1 1
56 29 1 1
24 29 1 1
317 28 1 1
285 28 1 1
253 28 1 1
221 28 1 1
189 28 1 1
157 28 1 1
125 28 1 1
93 28 1 1
61 28 1 1
29 28 1 1
322 27 1 1
290 27 1 1
258 27 1 1
226 27 1 1
194 27 1 1
162 27 1 1
130 27 1 1
98 27 1 1
66 27 1 1
34 27 1 1
2 27 1 1
295 26 1 1
263 26 1 1
231 26 1 1
199 26 1 1
167 26 1 1
135 26 1 1
103 26 1 1
71 26 1 1
39 26 1 1
7 26 1 1
300 25 1 1
268 25 1 1
236 25 1 1
204 25 1 1
172 25 1 1
140 25 1 1
108 25 1 1
76 25 1 1
44 25 1 1
12 25 1 1
305 24 1 1
273 24 1 1
241 24 1 1
209 24 1 1
177 24 1 1
145 24 1 1
113 24 1 1
81 24 1 1
49 24 1 1
17 24 1 1
310 23 1 1
278 23 1 1
246 23 1 1
214 23 1 1
182 23 1 1
150 23 1 1
118 23 1 1
86 23 1 1
54 23 1 1
22 23 1 1
315 22 1 1
283 22 1 1
251 22 1 1
219 22 1 1
187 22 1 1
155 22 1 1
123 22 1 1
91 22 1 1
59 22 1 1
27 22 1 1
320 21 1 1
288 21 1 1
256 21 1 1
224 21 1 1
192 21 1 1
160 21 1 1
128 21 1 1
96 21 1 1
64 21 1 1
32 21 1 1
0 21 1 1
293 20 1 1
261 20 1 1
229 20 1 1
197 20 1 1
165 20 1 1
133 20 1 1
101 20 1 1
69 20 1 1
37 20 1 1
5 20 1 1
298 19 1 1
266 19 1 1
234 19 1 1
202 19 1 1
170 19 1 1
138 19 1 1
106 19 1 1
74 19 1 1
42 19 1 1
10 19 1 1
303 18 1 1
271 18 1 1
239 18 1 1
207 18 1 1
175 18 1 1
143 18 1 1
111 18 1 1
79 18 1 1
47 18 1 1
15 18 1 1
308 17 1 1
276 17 1 1
244 17 1 1
212 17 1 1
180 17 1 1
148 17 1 1
116 17 1 1
84 17 1 1
52 17 1 1
20 17 1 1
313 16 1 1
281 16 1 1
249 16 1 1
217 16 1 1
185 16 1 1
153 16 1 1
121 16 1 1
89 16 1 1
57 16 1 1
25 16 1 1
318 15 1 1
286 15 1 1
254 15 1 1
222 15 1 1
190 15 1 1
158 15 1 1
126 15 1 1
94 15 1 1
62 15 1 1
30 15 1 1
323 14 1 1
291 14 1 1
259 14 1 1
227 14 1 1
195 14 1 1
163 14 1 1
131 14 1 1
99 14 1 1
67 14 1 1
35 14 1 1
3 14 1 1
296 13 1 1
264 13 1 1
232 13 1 1
200 13 1 1
168 13 1 1
136 13 1 1
104 13 1 1
72 13 1 1
40 13 1 1
8 13 1 1
301 12 1 1
269 12 1 1
237 12 1 1
205 12 1 1
173 12 1 1
141 12 1 1
109 12 1 1
77 12 1 1
45 12 1 1
13 12 1 1
306 11 1 1
274 11 1 1
242 11 1 1
210 11 1 1
178 11 1 1
146 11 1 1
114 11 1 1
82 11 1 1
50 11 1 1
18 11 1 1
311 10 1 1
279 10 1 1
247 10 1 1
215 10 1 1
183 10 1 1
151 10 1 1
119 10 1 1
87 10 1 1
55 10 1 1
23 10 1 1
316 9 1 1
284 9 1 1
252 9 1 1
220 9 1 1
188 9 1 1
156 9 1 1
124 9 1 1
92 9 1 1
60 9 1 1
28 9 1 1
321 8 1 1
289 8 1 1
257 8 1 1
225 8 1 1
193 8 1 1
161 8 1 1
129 8 1 1
97 8 1 1
65 8 1 1
33 8 1 1
1 8 1 1
294 7 1 1
262 7 1 1
230 7 1 1
198 7 1 1
166 7 1 1
134 7 1 1
102 7 1 1
70 7 1 1
38 7 1 1
6 7 1 1
299 6 1 1
267 6 1 1
235 6 1 1
203 6 1 1
171 6 1 1
139 6 1 1
107 6 1 1
75 6 1 1
43 6 1 1
11 6 1 1
304 5 1 1
272 5 1 1
240 5 1 1
208 5 1 1
176 5 1 1
144 5 1 1
112 5 1 1
80 5 1 1
48 5 1 1
16 5 1 1
309 4 1 1
277 4 1 1
245 4 1 1
213 4 1 1
181 4 1 1
149 4 1 1
117 4 1 1
85 4 1 1
53 4 1 1
21 4 1 1
314 3 1 1
282 3 1 1
250 3 1 1
218 3 1 1
186 3 1 1
154 3 1 1
122 3 1 1
90 3 1 1
58 3 1 1
26 3 1 1
319 2 1 1
287 2 1 1
255 2 1 1
223 2 1 1
191 2 1 1
159 2 1 1
127 2 1 1
95 2 1 1
63 2 1 1
31 2 1 1
324 1 1 1
292 1 1 1
260 1 1 1
228 1 1 1
196 1 1 1
164 1 1 1
132 1 1 1
100 1 1 1
68 1 1 1
36 1 1 1
4 1 1 1
297 0 1 1
265 0 1 1
233 0 1 1
201 0 1 1
169 0 1 1
137 0 1 1
105 0 1 1
73 0 1 1
41 0 1 1
9 0 1 1
