706 519 31 13
587 518 56 14
532 518 32 14
473 518 34 14
412 518 34 14
330 518 59 14
270 518 32 14
204 518 31 14
138 518 35 14
54 518 59 14
0 443 765 16
706 362 31 14
587 361 56 15
532 361 32 15
473 361 34 15
412 361 34 15
330 361 59 15
270 361 32 15
204 361 31 15
138 361 35 15
54 361 59 15
706 276 31 22
587 275 56 23
532 275 32 23
473 275 34 23
412 275 34 23
330 275 59 23
270 275 32 23
204 275 31 23
138 275 35 23
54 275 59 23
0 192 765 21
440 1 1 1
432 1 1 1
424 1 1 1
416 1 1 1
408 1 1 1
